9.988952656018441623e-01 4.699200313054591183e-02 0.000000000000000000e+00 -4.700931534171104431e-02 -4.699200313054591183e-02 9.988952656018441623e-01 0.000000000000000000e+00 7.993167877197265625e+00 0.000000000000000000e+00 0.000000000000000000e+00 1.000000000000000000e+00 0.000000000000000000e+00
9.885401492931891188e-01 1.509581837311225472e-01 0.000000000000000000e+00 -1.515374928712844849e-01 -1.509581837311225472e-01 9.885401492931891188e-01 0.000000000000000000e+00 8.064319610595703125e+00 0.000000000000000000e+00 0.000000000000000000e+00 1.000000000000000000e+00 0.000000000000000000e+00
9.712852785267942490e-01 2.379178591807007137e-01 0.000000000000000000e+00 -2.402215898036956787e-01 -2.379178591807007137e-01 9.712852785267942490e-01 0.000000000000000000e+00 8.182168006896972656e+00 0.000000000000000000e+00 0.000000000000000000e+00 1.000000000000000000e+00 0.000000000000000000e+00
9.508619513532480250e-01 3.096151634992921897e-01 0.000000000000000000e+00 -3.147882819175720215e-01 -3.096151634992921897e-01 9.508619513532480250e-01 0.000000000000000000e+00 8.255601882934570312e+00 0.000000000000000000e+00 0.000000000000000000e+00 1.000000000000000000e+00 0.000000000000000000e+00
9.170776844675792017e-01 3.987085660624601902e-01 0.000000000000000000e+00 -4.101082086563110352e-01 -3.987085660624601902e-01 9.170776844675792017e-01 0.000000000000000000e+00 8.360961914062500000e+00 0.000000000000000000e+00 0.000000000000000000e+00 1.000000000000000000e+00 0.000000000000000000e+00
8.669036714848898928e-01 4.984757008782054188e-01 0.000000000000000000e+00 -5.218395590782165527e-01 -4.984757008782054188e-01 8.669036714848898928e-01 0.000000000000000000e+00 8.596422195434570312e+00 0.000000000000000000e+00 0.000000000000000000e+00 1.000000000000000000e+00 0.000000000000000000e+00
6.889968794599788948e-01 7.247643065813956786e-01 0.000000000000000000e+00 -8.106922507286071777e-01 -7.247643065813956786e-01 6.889968794599788948e-01 0.000000000000000000e+00 8.792263984680175781e+00 0.000000000000000000e+00 0.000000000000000000e+00 1.000000000000000000e+00 0.000000000000000000e+00
4.226006404858952403e-01 9.063160037541603264e-01 0.000000000000000000e+00 -1.134483456611633301e+00 -9.063160037541603264e-01 4.226006404858952403e-01 0.000000000000000000e+00 9.157436370849609375e+00 0.000000000000000000e+00 0.000000000000000000e+00 1.000000000000000000e+00 0.000000000000000000e+00
2.081468385858211145e-01 9.780975889893237518e-01 0.000000000000000000e+00 -1.361116409301757812e+00 -9.780975889893237518e-01 2.081468385858211145e-01 0.000000000000000000e+00 9.554976463317871094e+00 0.000000000000000000e+00 0.000000000000000000e+00 1.000000000000000000e+00 0.000000000000000000e+00
-1.360289606465721335e-01 9.907048611293947094e-01 0.000000000000000000e+00 -1.707248330116271973e+00 -9.907048611293947094e-01 -1.360289606465721335e-01 0.000000000000000000e+00 1.007657909393310547e+01 0.000000000000000000e+00 0.000000000000000000e+00 1.000000000000000000e+00 0.000000000000000000e+00
-5.454835670403932468e-01 8.381215174954577130e-01 0.000000000000000000e+00 -2.147762298583984375e+00 -8.381215174954577130e-01 -5.454835670403932468e-01 0.000000000000000000e+00 1.058388423919677734e+01 0.000000000000000000e+00 0.000000000000000000e+00 1.000000000000000000e+00 0.000000000000000000e+00
-9.442141178966568793e-01 3.293322024409973681e-01 0.000000000000000000e+00 -2.805996417999267578e+00 -3.293322024409973681e-01 -9.442141178966568793e-01 0.000000000000000000e+00 1.093152904510498047e+01 0.000000000000000000e+00 0.000000000000000000e+00 1.000000000000000000e+00 0.000000000000000000e+00
-9.850835865802973768e-01 -1.720765162655781277e-01 0.000000000000000000e+00 -3.314529895782470703e+00 1.720765162655781277e-01 -9.850835865802973768e-01 0.000000000000000000e+00 1.117240619659423828e+01 0.000000000000000000e+00 0.000000000000000000e+00 1.000000000000000000e+00 0.000000000000000000e+00
-8.207105892327363206e-01 -5.713441421081122407e-01 0.000000000000000000e+00 -3.749735355377197266e+00 5.713441421081122407e-01 -8.207105892327363206e-01 0.000000000000000000e+00 1.094423294067382812e+01 0.000000000000000000e+00 0.000000000000000000e+00 1.000000000000000000e+00 0.000000000000000000e+00
-6.270237709498246437e-01 -7.790001223773086458e-01 0.000000000000000000e+00 -4.034662246704101562e+00 7.790001223773086458e-01 -6.270237709498246437e-01 0.000000000000000000e+00 1.085502243041992188e+01 0.000000000000000000e+00 0.000000000000000000e+00 1.000000000000000000e+00 0.000000000000000000e+00
-3.398500001744704790e-01 -9.404796528269032674e-01 0.000000000000000000e+00 -4.365631580352783203e+00 9.404796528269032674e-01 -3.398500001744704790e-01 0.000000000000000000e+00 1.040007591247558594e+01 0.000000000000000000e+00 0.000000000000000000e+00 1.000000000000000000e+00 0.000000000000000000e+00
-1.453119236257021107e-01 -9.893858927901681977e-01 0.000000000000000000e+00 -4.566560745239257812e+00 9.893858927901681977e-01 -1.453119236257021107e-01 0.000000000000000000e+00 1.003601074218750000e+01 0.000000000000000000e+00 0.000000000000000000e+00 1.000000000000000000e+00 0.000000000000000000e+00
3.661482683316034242e-02 -9.993294524109542776e-01 0.000000000000000000e+00 -4.749011993408203125e+00 9.993294524109542776e-01 3.661482683316034242e-02 0.000000000000000000e+00 9.396942138671875000e+00 0.000000000000000000e+00 0.000000000000000000e+00 1.000000000000000000e+00 0.000000000000000000e+00
2.886199938691701439e-01 -9.574437315784987135e-01 0.000000000000000000e+00 -5.005174160003662109e+00 9.574437315784987135e-01 2.886199938691701439e-01 0.000000000000000000e+00 8.892711639404296875e+00 0.000000000000000000e+00 0.000000000000000000e+00 1.000000000000000000e+00 0.000000000000000000e+00
3.723778984825030225e-01 -9.280811929576823216e-01 0.000000000000000000e+00 -5.093958854675292969e+00 9.280811929576823216e-01 3.723778984825030225e-01 0.000000000000000000e+00 8.491106986999511719e+00 0.000000000000000000e+00 0.000000000000000000e+00 1.000000000000000000e+00 0.000000000000000000e+00
3.508704535183012618e-01 -9.364240091154548695e-01 0.000000000000000000e+00 -5.070889472961425781e+00 9.364240091154548695e-01 3.508704535183012618e-01 0.000000000000000000e+00 8.501474380493164062e+00 0.000000000000000000e+00 0.000000000000000000e+00 1.000000000000000000e+00 0.000000000000000000e+00
3.019586050966130975e-01 -9.533210376405776287e-01 0.000000000000000000e+00 -5.019135475158691406e+00 9.533210376405776287e-01 3.019586050966130975e-01 0.000000000000000000e+00 8.164980888366699219e+00 0.000000000000000000e+00 0.000000000000000000e+00 1.000000000000000000e+00 0.000000000000000000e+00
2.033612103594586717e-01 -9.791037831206332864e-01 0.000000000000000000e+00 -4.917178630828857422e+00 9.791037831206332864e-01 2.033612103594586717e-01 0.000000000000000000e+00 7.637521743774414062e+00 0.000000000000000000e+00 0.000000000000000000e+00 1.000000000000000000e+00 0.000000000000000000e+00
-2.645325793097715386e-02 -9.996500513403864252e-01 0.000000000000000000e+00 -4.685932636260986328e+00 9.996500513403864252e-01 -2.645325793097715386e-02 0.000000000000000000e+00 7.206649303436279297e+00 0.000000000000000000e+00 0.000000000000000000e+00 1.000000000000000000e+00 0.000000000000000000e+00
-2.609665298663753630e-01 -9.653478493732206012e-01 0.000000000000000000e+00 -4.448365688323974609e+00 9.653478493732206012e-01 -2.609665298663753630e-01 0.000000000000000000e+00 6.757483005523681641e+00 0.000000000000000000e+00 0.000000000000000000e+00 1.000000000000000000e+00 0.000000000000000000e+00
-4.832060639759089282e-01 -8.755066531654169815e-01 0.000000000000000000e+00 -4.208076000213623047e+00 8.755066531654169815e-01 -4.832060639759089282e-01 0.000000000000000000e+00 6.444683551788330078e+00 0.000000000000000000e+00 0.000000000000000000e+00 1.000000000000000000e+00 0.000000000000000000e+00
-7.166267757567219565e-01 -6.974568547720533251e-01 0.000000000000000000e+00 -3.913435220718383789e+00 6.974568547720533251e-01 -7.166267757567219565e-01 0.000000000000000000e+00 6.288169860839843750e+00 0.000000000000000000e+00 0.000000000000000000e+00 1.000000000000000000e+00 0.000000000000000000e+00
-8.560120486293437692e-01 -5.169558710387126554e-01 0.000000000000000000e+00 -3.684883594512939453e+00 5.169558710387126554e-01 -8.560120486293437692e-01 0.000000000000000000e+00 6.141550064086914062e+00 0.000000000000000000e+00 0.000000000000000000e+00 1.000000000000000000e+00 0.000000000000000000e+00
-9.860112618807755913e-01 -1.666787072312496676e-01 0.000000000000000000e+00 -3.309052944183349609e+00 1.666787072312496676e-01 -9.860112618807755913e-01 0.000000000000000000e+00 5.991373062133789062e+00 0.000000000000000000e+00 0.000000000000000000e+00 1.000000000000000000e+00 0.000000000000000000e+00
-9.821800059062234523e-01 1.879426401805906477e-01 0.000000000000000000e+00 -2.952525615692138672e+00 -1.879426401805906477e-01 -9.821800059062234523e-01 0.000000000000000000e+00 5.847345829010009766e+00 0.000000000000000000e+00 0.000000000000000000e+00 1.000000000000000000e+00 0.000000000000000000e+00
9.043322726661198185e-01 -4.268291702947804578e-01 0.000000000000000000e+00 -5.842201709747314453e+00 4.268291702947804578e-01 9.043322726661198185e-01 0.000000000000000000e+00 5.890872001647949219e+00 0.000000000000000000e+00 0.000000000000000000e+00 1.000000000000000000e+00 0.000000000000000000e+00
7.578171464831915394e-01 -6.524669895834370736e-01 0.000000000000000000e+00 -5.572350025177001953e+00 6.524669895834370736e-01 7.578171464831915394e-01 0.000000000000000000e+00 6.123966693878173828e+00 0.000000000000000000e+00 0.000000000000000000e+00 1.000000000000000000e+00 0.000000000000000000e+00
5.988887301419074660e-01 -8.008322476705178605e-01 0.000000000000000000e+00 -5.354501724243164062e+00 8.008322476705178605e-01 5.988887301419074660e-01 0.000000000000000000e+00 6.338029861450195312e+00 0.000000000000000000e+00 0.000000000000000000e+00 1.000000000000000000e+00 0.000000000000000000e+00
2.319067463870973789e-01 -9.727380227893585030e-01 0.000000000000000000e+00 -4.946426391601562500e+00 9.727380227893585030e-01 2.319067463870973789e-01 0.000000000000000000e+00 6.399736404418945312e+00 0.000000000000000000e+00 0.000000000000000000e+00 1.000000000000000000e+00 0.000000000000000000e+00
-1.021559672203332936e-01 -9.947683943317048305e-01 0.000000000000000000e+00 -4.610054492950439453e+00 9.947683943317048305e-01 -1.021559672203332936e-01 0.000000000000000000e+00 6.783050537109375000e+00 0.000000000000000000e+00 0.000000000000000000e+00 1.000000000000000000e+00 0.000000000000000000e+00
-3.906109488377497163e-01 -9.205558574296688334e-01 0.000000000000000000e+00 -4.311093807220458984e+00 9.205558574296688334e-01 -3.906109488377497163e-01 0.000000000000000000e+00 7.156819820404052734e+00 0.000000000000000000e+00 0.000000000000000000e+00 1.000000000000000000e+00 0.000000000000000000e+00
-6.355430049745711685e-01 -7.720654692627382243e-01 0.000000000000000000e+00 -4.023677349090576172e+00 7.720654692627382243e-01 -6.355430049745711685e-01 0.000000000000000000e+00 7.353579521179199219e+00 0.000000000000000000e+00 0.000000000000000000e+00 1.000000000000000000e+00 0.000000000000000000e+00
-8.299483562706043704e-01 -5.578402333318401851e-01 0.000000000000000000e+00 -3.733373880386352539e+00 5.578402333318401851e-01 -8.299483562706043704e-01 0.000000000000000000e+00 7.697767257690429688e+00 0.000000000000000000e+00 0.000000000000000000e+00 1.000000000000000000e+00 0.000000000000000000e+00
-8.880986891022276675e-01 -4.596528237865017408e-01 0.000000000000000000e+00 -3.619196891784667969e+00 4.596528237865017408e-01 -8.880986891022276675e-01 0.000000000000000000e+00 7.963979244232177734e+00 0.000000000000000000e+00 0.000000000000000000e+00 1.000000000000000000e+00 0.000000000000000000e+00
-9.732341506513604301e-01 -2.298157697067914063e-01 0.000000000000000000e+00 -3.373481035232543945e+00 2.298157697067914063e-01 -9.732341506513604301e-01 0.000000000000000000e+00 8.231168746948242188e+00 0.000000000000000000e+00 0.000000000000000000e+00 1.000000000000000000e+00 0.000000000000000000e+00
9.997362254046104901e-01 2.296692434223426837e-02 0.000000000000000000e+00 -6.306154251098632812e+00 -2.296692434223426837e-02 9.997362254046104901e-01 0.000000000000000000e+00 8.143321037292480469e+00 0.000000000000000000e+00 0.000000000000000000e+00 1.000000000000000000e+00 0.000000000000000000e+00
-9.333420782427113149e-01 3.589882518712506076e-01 0.000000000000000000e+00 -9.057594299316406250e+00 -3.589882518712506076e-01 -9.333420782427113149e-01 0.000000000000000000e+00 8.009518623352050781e+00 0.000000000000000000e+00 0.000000000000000000e+00 1.000000000000000000e+00 0.000000000000000000e+00
-7.203927002824586090e-01 6.935664044485918556e-01 0.000000000000000000e+00 -8.658349990844726562e+00 -6.935664044485918556e-01 -7.203927002824586090e-01 0.000000000000000000e+00 7.781730651855468750e+00 0.000000000000000000e+00 0.000000000000000000e+00 1.000000000000000000e+00 0.000000000000000000e+00
-4.757450145761943361e-01 8.795832428519182455e-01 0.000000000000000000e+00 -8.349792480468750000e+00 -8.795832428519182455e-01 -4.757450145761943361e-01 0.000000000000000000e+00 7.475014686584472656e+00 0.000000000000000000e+00 0.000000000000000000e+00 1.000000000000000000e+00 0.000000000000000000e+00
-1.829104104342834936e-01 9.831295854335592166e-01 0.000000000000000000e+00 -8.037927627563476562e+00 -9.831295854335592166e-01 -1.829104104342834936e-01 0.000000000000000000e+00 7.052995681762695312e+00 0.000000000000000000e+00 0.000000000000000000e+00 1.000000000000000000e+00 0.000000000000000000e+00
6.888665660315247685e-02 9.976244927536810359e-01 0.000000000000000000e+00 -7.785040378570556641e+00 -9.976244927536810359e-01 6.888665660315247685e-02 0.000000000000000000e+00 6.581924438476562500e+00 0.000000000000000000e+00 0.000000000000000000e+00 1.000000000000000000e+00 0.000000000000000000e+00
2.739579324955305206e-01 9.617416759311069319e-01 0.000000000000000000e+00 -7.576475620269775391e+00 -9.617416759311069319e-01 2.739579324955305206e-01 0.000000000000000000e+00 6.225219726562500000e+00 0.000000000000000000e+00 0.000000000000000000e+00 1.000000000000000000e+00 0.000000000000000000e+00
5.375045148838589748e-01 8.432608709524398449e-01 0.000000000000000000e+00 -7.286506652832031250e+00 -8.432608709524398449e-01 5.375045148838589748e-01 0.000000000000000000e+00 5.658223152160644531e+00 0.000000000000000000e+00 0.000000000000000000e+00 1.000000000000000000e+00 0.000000000000000000e+00
7.443491599948404147e-01 6.677906318712291123e-01 0.000000000000000000e+00 -7.014421939849853516e+00 -6.677906318712291123e-01 7.443491599948404147e-01 0.000000000000000000e+00 5.320120811462402344e+00 0.000000000000000000e+00 0.000000000000000000e+00 1.000000000000000000e+00 0.000000000000000000e+00
8.340267505634184619e-01 5.517240064965682755e-01 0.000000000000000000e+00 -6.867615222930908203e+00 -5.517240064965682755e-01 8.340267505634184619e-01 0.000000000000000000e+00 4.947948455810546875e+00 0.000000000000000000e+00 0.000000000000000000e+00 1.000000000000000000e+00 0.000000000000000000e+00
9.201158197962205909e-01 3.916463687572360741e-01 0.000000000000000000e+00 -6.685605525970458984e+00 -3.916463687572360741e-01 9.201158197962205909e-01 0.000000000000000000e+00 4.671712398529052734e+00 0.000000000000000000e+00 0.000000000000000000e+00 1.000000000000000000e+00 0.000000000000000000e+00
9.374299438540218965e-01 3.481739513028584976e-01 0.000000000000000000e+00 -6.638807773590087891e+00 -3.481739513028584976e-01 9.374299438540218965e-01 0.000000000000000000e+00 4.603600978851318359e+00 0.000000000000000000e+00 0.000000000000000000e+00 1.000000000000000000e+00 0.000000000000000000e+00
9.944448627642663574e-01 1.052587997355059896e-01 0.000000000000000000e+00 -6.388639450073242188e+00 -1.052587997355059896e-01 9.944448627642663574e-01 0.000000000000000000e+00 4.442023277282714844e+00 0.000000000000000000e+00 0.000000000000000000e+00 1.000000000000000000e+00 0.000000000000000000e+00
9.998610123218448775e-01 1.667201363769944128e-02 0.000000000000000000e+00 -6.299858093261718750e+00 -1.667201363769944128e-02 9.998610123218448775e-01 0.000000000000000000e+00 4.334599018096923828e+00 0.000000000000000000e+00 0.000000000000000000e+00 1.000000000000000000e+00 0.000000000000000000e+00
9.933750089047697074e-01 -1.149177605222477527e-01 0.000000000000000000e+00 -6.168013095855712891e+00 1.149177605222477527e-01 9.933750089047697074e-01 0.000000000000000000e+00 4.474967956542968750e+00 0.000000000000000000e+00 0.000000000000000000e+00 1.000000000000000000e+00 0.000000000000000000e+00
9.787637466059149194e-01 -2.049915323371978015e-01 0.000000000000000000e+00 -6.076730251312255859e+00 2.049915323371978015e-01 9.787637466059149194e-01 0.000000000000000000e+00 4.379568099975585938e+00 0.000000000000000000e+00 0.000000000000000000e+00 1.000000000000000000e+00 0.000000000000000000e+00
9.551036789779187020e-01 -2.962717711879498395e-01 0.000000000000000000e+00 -5.982398509979248047e+00 2.962717711879498395e-01 9.551036789779187020e-01 0.000000000000000000e+00 4.526607513427734375e+00 0.000000000000000000e+00 0.000000000000000000e+00 1.000000000000000000e+00 0.000000000000000000e+00
9.395435529519485796e-01 -3.424294264610285854e-01 0.000000000000000000e+00 -5.933683872222900391e+00 3.424294264610285854e-01 9.395435529519485796e-01 0.000000000000000000e+00 4.764071464538574219e+00 0.000000000000000000e+00 0.000000000000000000e+00 1.000000000000000000e+00 0.000000000000000000e+00
7.607780038271827472e-01 -6.490121947180400586e-01 0.000000000000000000e+00 -5.576900005340576172e+00 6.490121947180400586e-01 7.607780038271827472e-01 0.000000000000000000e+00 5.018368721008300781e+00 0.000000000000000000e+00 0.000000000000000000e+00 1.000000000000000000e+00 0.000000000000000000e+00
7.295170105460359045e-01 -6.839626680777065593e-01 0.000000000000000000e+00 -5.530004501342773438e+00 6.839626680777065593e-01 7.295170105460359045e-01 0.000000000000000000e+00 5.297885894775390625e+00 0.000000000000000000e+00 0.000000000000000000e+00 1.000000000000000000e+00 0.000000000000000000e+00
6.983164840299808107e-01 7.157891366401180067e-01 0.000000000000000000e+00 -7.080938816070556641e+00 -7.157891366401180067e-01 6.983164840299808107e-01 0.000000000000000000e+00 5.338567256927490234e+00 0.000000000000000000e+00 0.000000000000000000e+00 1.000000000000000000e+00 0.000000000000000000e+00
4.183736503062504553e-01 -9.082750072139073039e-01 0.000000000000000000e+00 -5.144042968750000000e+00 9.082750072139073039e-01 4.183736503062504553e-01 0.000000000000000000e+00 5.753239154815673828e+00 0.000000000000000000e+00 0.000000000000000000e+00 1.000000000000000000e+00 0.000000000000000000e+00
1.242276372786034616e-01 -9.922537448335359000e-01 0.000000000000000000e+00 -4.836938381195068359e+00 9.922537448335359000e-01 1.242276372786034616e-01 0.000000000000000000e+00 6.132459163665771484e+00 0.000000000000000000e+00 0.000000000000000000e+00 1.000000000000000000e+00 0.000000000000000000e+00
-1.960480936873673363e-01 -9.805942815260291212e-01 0.000000000000000000e+00 -4.515062808990478516e+00 9.805942815260291212e-01 -1.960480936873673363e-01 0.000000000000000000e+00 6.687769889831542969e+00 0.000000000000000000e+00 0.000000000000000000e+00 1.000000000000000000e+00 0.000000000000000000e+00
-5.954613477859380666e-01 -8.033839575775422182e-01 0.000000000000000000e+00 -4.074549198150634766e+00 8.033839575775422182e-01 -5.954613477859380666e-01 0.000000000000000000e+00 7.182425975799560547e+00 0.000000000000000000e+00 0.000000000000000000e+00 1.000000000000000000e+00 0.000000000000000000e+00
-8.649274421512146427e-01 -5.018969215025703701e-01 0.000000000000000000e+00 -3.667383193969726562e+00 5.018969215025703701e-01 -8.649274421512146427e-01 0.000000000000000000e+00 7.463788032531738281e+00 0.000000000000000000e+00 0.000000000000000000e+00 1.000000000000000000e+00 0.000000000000000000e+00
-9.853186838144566417e-01 -1.707251924179523928e-01 0.000000000000000000e+00 -3.313158273696899414e+00 1.707251924179523928e-01 -9.853186838144566417e-01 0.000000000000000000e+00 7.819100379943847656e+00 0.000000000000000000e+00 0.000000000000000000e+00 1.000000000000000000e+00 0.000000000000000000e+00
-9.573800855491042539e-01 2.888310436812321358e-01 0.000000000000000000e+00 -2.848587036132812500e+00 -2.888310436812321358e-01 -9.573800855491042539e-01 0.000000000000000000e+00 7.884842395782470703e+00 0.000000000000000000e+00 0.000000000000000000e+00 1.000000000000000000e+00 0.000000000000000000e+00
-6.598784920735151216e-01 7.513723282759245947e-01 0.000000000000000000e+00 -2.291453361511230469e+00 -7.513723282759245947e-01 -6.598784920735151216e-01 0.000000000000000000e+00 7.654989242553710938e+00 0.000000000000000000e+00 0.000000000000000000e+00 1.000000000000000000e+00 0.000000000000000000e+00
-1.591154393356679353e-01 9.872599844848455319e-01 0.000000000000000000e+00 -1.730590939521789551e+00 -9.872599844848455319e-01 -1.591154393356679353e-01 0.000000000000000000e+00 7.249496459960937500e+00 0.000000000000000000e+00 0.000000000000000000e+00 1.000000000000000000e+00 0.000000000000000000e+00
-3.957090898881097663e-01 -9.183759122385145579e-01 0.000000000000000000e+00 -4.305549144744873047e+00 9.183759122385145579e-01 -3.957090898881097663e-01 0.000000000000000000e+00 6.854785442352294922e+00 0.000000000000000000e+00 0.000000000000000000e+00 1.000000000000000000e+00 0.000000000000000000e+00
-7.203105999392800385e-01 -6.936516702316188887e-01 0.000000000000000000e+00 -3.908138990402221680e+00 6.936516702316188887e-01 -7.203105999392800385e-01 0.000000000000000000e+00 6.387176513671875000e+00 0.000000000000000000e+00 0.000000000000000000e+00 1.000000000000000000e+00 0.000000000000000000e+00
-9.575707134293632850e-01 -2.881984191184610578e-01 0.000000000000000000e+00 -3.433937549591064453e+00 2.881984191184610578e-01 -9.575707134293632850e-01 0.000000000000000000e+00 6.279274463653564453e+00 0.000000000000000000e+00 0.000000000000000000e+00 1.000000000000000000e+00 0.000000000000000000e+00
-9.966781919472079698e-01 8.144066365670389607e-02 0.000000000000000000e+00 -3.060061693191528320e+00 -8.144066365670389607e-02 -9.966781919472079698e-01 0.000000000000000000e+00 6.090861797332763672e+00 0.000000000000000000e+00 0.000000000000000000e+00 1.000000000000000000e+00 0.000000000000000000e+00
-9.032846135277139421e-01 4.290418475674470100e-01 0.000000000000000000e+00 -2.698160886764526367e+00 -4.290418475674470100e-01 -9.032846135277139421e-01 0.000000000000000000e+00 6.257118701934814453e+00 0.000000000000000000e+00 0.000000000000000000e+00 1.000000000000000000e+00 0.000000000000000000e+00
-6.225026426857480644e-01 7.826176971224583223e-01 0.000000000000000000e+00 -2.242732763290405273e+00 -7.826176971224583223e-01 -6.225026426857480644e-01 0.000000000000000000e+00 6.610036849975585938e+00 0.000000000000000000e+00 0.000000000000000000e+00 1.000000000000000000e+00 0.000000000000000000e+00
-3.207694045448097886e-01 9.471573201469585257e-01 0.000000000000000000e+00 -1.897338032722473145e+00 -9.471573201469585257e-01 -3.207694045448097886e-01 0.000000000000000000e+00 6.930153369903564453e+00 0.000000000000000000e+00 0.000000000000000000e+00 1.000000000000000000e+00 0.000000000000000000e+00
3.100224224150751051e-01 9.507292451586248916e-01 0.000000000000000000e+00 -1.255579710006713867e+00 -9.507292451586248916e-01 3.100224224150751051e-01 0.000000000000000000e+00 7.404786586761474609e+00 0.000000000000000000e+00 0.000000000000000000e+00 1.000000000000000000e+00 0.000000000000000000e+00
6.666359120393469118e-01 7.453834991328075477e-01 0.000000000000000000e+00 -8.411099314689636230e-01 -7.453834991328075477e-01 6.666359120393469118e-01 0.000000000000000000e+00 7.851686477661132812e+00 0.000000000000000000e+00 0.000000000000000000e+00 1.000000000000000000e+00 0.000000000000000000e+00
8.689425904785162968e-01 4.949128958235838871e-01 0.000000000000000000e+00 -5.177345871925354004e-01 -4.949128958235838871e-01 8.689425904785162968e-01 0.000000000000000000e+00 8.094328880310058594e+00 0.000000000000000000e+00 0.000000000000000000e+00 1.000000000000000000e+00 0.000000000000000000e+00
9.950237967529582672e-01 9.963756267255639842e-02 0.000000000000000000e+00 -9.980316460132598877e-02 -9.963756267255639842e-02 9.950237967529582672e-01 0.000000000000000000e+00 8.124637603759765625e+00 0.000000000000000000e+00 0.000000000000000000e+00 1.000000000000000000e+00 0.000000000000000000e+00
9.709242282995610429e-01 2.393870148961756150e-01 0.000000000000000000e+00 -2.417344599962234497e-01 -2.393870148961756150e-01 9.709242282995610429e-01 0.000000000000000000e+00 8.119633674621582031e+00 0.000000000000000000e+00 0.000000000000000000e+00 1.000000000000000000e+00 0.000000000000000000e+00
9.663847934882139334e-01 2.571000406743300659e-01 0.000000000000000000e+00 -2.600201666355133057e-01 -2.571000406743300659e-01 9.663847934882139334e-01 0.000000000000000000e+00 8.214653968811035156e+00 0.000000000000000000e+00 0.000000000000000000e+00 1.000000000000000000e+00 0.000000000000000000e+00
9.627973785100327753e-01 2.702243659150830868e-01 0.000000000000000000e+00 -2.736260592937469482e-01 -2.702243659150830868e-01 9.627973785100327753e-01 0.000000000000000000e+00 8.256552696228027344e+00 0.000000000000000000e+00 0.000000000000000000e+00 1.000000000000000000e+00 0.000000000000000000e+00
9.299217112752922176e-01 3.677575436328017755e-01 0.000000000000000000e+00 -3.765964210033416748e-01 -3.677575436328017755e-01 9.299217112752922176e-01 0.000000000000000000e+00 8.313715934753417969e+00 0.000000000000000000e+00 0.000000000000000000e+00 1.000000000000000000e+00 0.000000000000000000e+00
8.917510877534258196e-01 4.525262395602952514e-01 0.000000000000000000e+00 -4.695962071418762207e-01 -4.525262395602952514e-01 8.917510877534258196e-01 0.000000000000000000e+00 8.477821350097656250e+00 0.000000000000000000e+00 0.000000000000000000e+00 1.000000000000000000e+00 0.000000000000000000e+00
6.922751408709135745e-01 7.216336531316681624e-01 0.000000000000000000e+00 -8.061592578887939453e-01 -7.216336531316681624e-01 6.922751408709135745e-01 0.000000000000000000e+00 8.688601493835449219e+00 0.000000000000000000e+00 0.000000000000000000e+00 1.000000000000000000e+00 0.000000000000000000e+00
4.742980930978988874e-01 8.803643103191410857e-01 0.000000000000000000e+00 -1.076629757881164551e+00 -8.803643103191410857e-01 4.742980930978988874e-01 0.000000000000000000e+00 9.101997375488281250e+00 0.000000000000000000e+00 0.000000000000000000e+00 1.000000000000000000e+00 0.000000000000000000e+00
2.093654788955309487e-01 9.778374590118978915e-01 0.000000000000000000e+00 -1.359870314598083496e+00 -9.778374590118978915e-01 2.093654788955309487e-01 0.000000000000000000e+00 9.439424514770507812e+00 0.000000000000000000e+00 0.000000000000000000e+00 1.000000000000000000e+00 0.000000000000000000e+00
-3.730568091775190304e-02 9.993039008085893293e-01 0.000000000000000000e+00 -1.608110666275024414e+00 -9.993039008085893293e-01 -3.730568091775190304e-02 0.000000000000000000e+00 9.951314926147460938e+00 0.000000000000000000e+00 0.000000000000000000e+00 1.000000000000000000e+00 0.000000000000000000e+00
-5.580468603104645764e-01 8.298094369779321910e-01 0.000000000000000000e+00 -2.162826538085937500e+00 -8.298094369779321910e-01 -5.580468603104645764e-01 0.000000000000000000e+00 1.051983547210693359e+01 0.000000000000000000e+00 0.000000000000000000e+00 1.000000000000000000e+00 0.000000000000000000e+00
-9.410036885123164163e-01 3.383963034759916999e-01 0.000000000000000000e+00 -2.796380519866943359e+00 -3.383963034759916999e-01 -9.410036885123164163e-01 0.000000000000000000e+00 1.084551143646240234e+01 0.000000000000000000e+00 0.000000000000000000e+00 1.000000000000000000e+00 0.000000000000000000e+00
-9.863208594965403586e-01 -1.648367741798104635e-01 0.000000000000000000e+00 -3.307185173034667969e+00 1.648367741798104635e-01 -9.863208594965403586e-01 0.000000000000000000e+00 1.092375469207763672e+01 0.000000000000000000e+00 0.000000000000000000e+00 1.000000000000000000e+00 0.000000000000000000e+00
-8.527427582644562243e-01 -5.223311097642253653e-01 0.000000000000000000e+00 -3.691174983978271484e+00 5.223311097642253653e-01 -8.527427582644562243e-01 0.000000000000000000e+00 1.080540561676025391e+01 0.000000000000000000e+00 0.000000000000000000e+00 1.000000000000000000e+00 0.000000000000000000e+00
-6.110507052130570438e-01 -7.915914575452577262e-01 0.000000000000000000e+00 -4.055001735687255859e+00 7.915914575452577262e-01 -6.110507052130570438e-01 0.000000000000000000e+00 1.040856361389160156e+01 0.000000000000000000e+00 0.000000000000000000e+00 1.000000000000000000e+00 0.000000000000000000e+00
-4.591485103937342216e-01 -8.883595248564710722e-01 0.000000000000000000e+00 -4.235352516174316406e+00 8.883595248564710722e-01 -4.591485103937342216e-01 0.000000000000000000e+00 9.841844558715820312e+00 0.000000000000000000e+00 0.000000000000000000e+00 1.000000000000000000e+00 0.000000000000000000e+00
-1.416622284992927749e-01 -9.899150534346945474e-01 0.000000000000000000e+00 -4.570248603820800781e+00 9.899150534346945474e-01 -1.416622284992927749e-01 0.000000000000000000e+00 9.358795166015625000e+00 0.000000000000000000e+00 0.000000000000000000e+00 1.000000000000000000e+00 0.000000000000000000e+00
2.865498039078220316e-01 -9.580653473956715072e-01 0.000000000000000000e+00 -5.003012657165527344e+00 9.580653473956715072e-01 2.865498039078220316e-01 0.000000000000000000e+00 8.809652328491210938e+00 0.000000000000000000e+00 0.000000000000000000e+00 1.000000000000000000e+00 0.000000000000000000e+00
2.986815885337574250e-01 -9.543528219012877845e-01 0.000000000000000000e+00 -5.015699863433837891e+00 9.543528219012877845e-01 2.986815885337574250e-01 0.000000000000000000e+00 8.134560585021972656e+00 0.000000000000000000e+00 0.000000000000000000e+00 1.000000000000000000e+00 0.000000000000000000e+00
3.740310918275639995e-01 -9.274161645918623798e-01 0.000000000000000000e+00 -5.095740795135498047e+00 9.274161645918623798e-01 3.740310918275639995e-01 0.000000000000000000e+00 7.666617393493652344e+00 0.000000000000000000e+00 0.000000000000000000e+00 1.000000000000000000e+00 0.000000000000000000e+00
3.555687763238950527e-01 -9.346501191908809236e-01 0.000000000000000000e+00 -5.075911521911621094e+00 9.346501191908809236e-01 3.555687763238950527e-01 0.000000000000000000e+00 7.686287403106689453e+00 0.000000000000000000e+00 0.000000000000000000e+00 1.000000000000000000e+00 0.000000000000000000e+00
3.494599405074756970e-01 -9.369513060882681543e-01 0.000000000000000000e+00 -5.069383621215820312e+00 9.369513060882681543e-01 3.494599405074756970e-01 0.000000000000000000e+00 7.205568790435791016e+00 0.000000000000000000e+00 0.000000000000000000e+00 1.000000000000000000e+00 0.000000000000000000e+00
2.211903360451815681e-01 -9.752306574550554386e-01 0.000000000000000000e+00 -4.935423851013183594e+00 9.752306574550554386e-01 2.211903360451815681e-01 0.000000000000000000e+00 6.790696620941162109e+00 0.000000000000000000e+00 0.000000000000000000e+00 1.000000000000000000e+00 0.000000000000000000e+00
1.760393044070334215e-02 -9.998450388100342812e-01 0.000000000000000000e+00 -4.729993820190429688e+00 9.998450388100342812e-01 1.760393044070334215e-02 0.000000000000000000e+00 6.307394504547119141e+00 0.000000000000000000e+00 0.000000000000000000e+00 1.000000000000000000e+00 0.000000000000000000e+00
-2.588300371743645356e-01 -9.659228809052600173e-01 0.000000000000000000e+00 -4.450578212738037109e+00 9.659228809052600173e-01 -2.588300371743645356e-01 0.000000000000000000e+00 5.782400131225585938e+00 0.000000000000000000e+00 0.000000000000000000e+00 1.000000000000000000e+00 0.000000000000000000e+00
-4.978336390761895491e-01 -8.672725452844441962e-01 0.000000000000000000e+00 -4.191289901733398438e+00 8.672725452844441962e-01 -4.978336390761895491e-01 0.000000000000000000e+00 5.500550746917724609e+00 0.000000000000000000e+00 0.000000000000000000e+00 1.000000000000000000e+00 0.000000000000000000e+00
-7.074073577584268913e-01 -7.068060767913934006e-01 0.000000000000000000e+00 -3.926565647125244141e+00 7.068060767913934006e-01 -7.074073577584268913e-01 0.000000000000000000e+00 5.202797889709472656e+00 0.000000000000000000e+00 0.000000000000000000e+00 1.000000000000000000e+00 0.000000000000000000e+00
-8.868766006063253382e-01 -4.620063801474698639e-01 0.000000000000000000e+00 -3.621848821640014648e+00 4.620063801474698639e-01 -8.868766006063253382e-01 0.000000000000000000e+00 4.964385032653808594e+00 0.000000000000000000e+00 0.000000000000000000e+00 1.000000000000000000e+00 0.000000000000000000e+00
-9.887726182360844218e-01 -1.494279405819351481e-01 0.000000000000000000e+00 -3.291582345962524414e+00 1.494279405819351481e-01 -9.887726182360844218e-01 0.000000000000000000e+00 4.843823432922363281e+00 0.000000000000000000e+00 0.000000000000000000e+00 1.000000000000000000e+00 0.000000000000000000e+00
-9.914970159515940074e-01 1.301294254159472419e-01 0.000000000000000000e+00 -3.011093139648437500e+00 -1.301294254159472419e-01 -9.914970159515940074e-01 0.000000000000000000e+00 4.763835430145263672e+00 0.000000000000000000e+00 0.000000000000000000e+00 1.000000000000000000e+00 0.000000000000000000e+00
9.049165657132010043e-01 -4.255890143058511654e-01 0.000000000000000000e+00 -5.843572616577148438e+00 4.255890143058511654e-01 9.049165657132010043e-01 0.000000000000000000e+00 4.860581398010253906e+00 0.000000000000000000e+00 0.000000000000000000e+00 1.000000000000000000e+00 0.000000000000000000e+00
7.680445429654282341e-01 -6.403964241163644378e-01 0.000000000000000000e+00 -5.588171005249023438e+00 6.403964241163644378e-01 7.680445429654282341e-01 0.000000000000000000e+00 5.107812404632568359e+00 0.000000000000000000e+00 0.000000000000000000e+00 1.000000000000000000e+00 0.000000000000000000e+00
6.002980340974097828e-01 -7.997763876601915456e-01 0.000000000000000000e+00 -5.356262683868408203e+00 7.997763876601915456e-01 6.002980340974097828e-01 0.000000000000000000e+00 5.459677696228027344e+00 0.000000000000000000e+00 0.000000000000000000e+00 1.000000000000000000e+00 0.000000000000000000e+00
3.413653606170521382e-01 -9.399306839181227335e-01 0.000000000000000000e+00 -5.060758113861083984e+00 9.399306839181227335e-01 3.413653606170521382e-01 0.000000000000000000e+00 6.016062736511230469e+00 0.000000000000000000e+00 0.000000000000000000e+00 1.000000000000000000e+00 0.000000000000000000e+00
-6.748453744829319145e-02 -9.977203201325459681e-01 0.000000000000000000e+00 -4.644853115081787109e+00 9.977203201325459681e-01 -6.748453744829319145e-02 0.000000000000000000e+00 6.317475318908691406e+00 0.000000000000000000e+00 0.000000000000000000e+00 1.000000000000000000e+00 0.000000000000000000e+00
-3.366424713444414185e-01 -9.416325432391909889e-01 0.000000000000000000e+00 -4.369040012359619141e+00 9.416325432391909889e-01 -3.366424713444414185e-01 0.000000000000000000e+00 6.729005813598632812e+00 0.000000000000000000e+00 0.000000000000000000e+00 1.000000000000000000e+00 0.000000000000000000e+00
-6.290464583418449163e-01 -7.773677078754824832e-01 0.000000000000000000e+00 -4.032063007354736328e+00 7.773677078754824832e-01 -6.290464583418449163e-01 0.000000000000000000e+00 7.202296733856201172e+00 0.000000000000000000e+00 0.000000000000000000e+00 1.000000000000000000e+00 0.000000000000000000e+00
-7.590374166376148146e-01 -6.510470030221289228e-01 0.000000000000000000e+00 -3.850555658340454102e+00 6.510470030221289228e-01 -7.590374166376148146e-01 0.000000000000000000e+00 7.691775321960449219e+00 0.000000000000000000e+00 0.000000000000000000e+00 1.000000000000000000e+00 0.000000000000000000e+00
-8.794804636438401380e-01 -4.759349893302823875e-01 0.000000000000000000e+00 -3.637619495391845703e+00 4.759349893302823875e-01 -8.794804636438401380e-01 0.000000000000000000e+00 7.925785064697265625e+00 0.000000000000000000e+00 0.000000000000000000e+00 1.000000000000000000e+00 0.000000000000000000e+00
9.305447540391631467e-01 3.661781816686972002e-01 0.000000000000000000e+00 -6.658083915710449219e+00 -3.661781816686972002e-01 9.305447540391631467e-01 0.000000000000000000e+00 7.995209217071533203e+00 0.000000000000000000e+00 0.000000000000000000e+00 1.000000000000000000e+00 0.000000000000000000e+00
